% Intrinsic and Extrinsic Camera Parameters
%
% This script file can be directly executed under Matlab to recover the camera intrinsic and extrinsic parameters.
% IMPORTANT: This file contains neither the structure of the calibration objects nor the image coordinates of the calibration points.
%            All those complementary variables are saved in the complete matlab data file Calib_Results.mat.
% For more information regarding the calibration model visit http://www.vision.caltech.edu/bouguetj/calib_doc/


%-- Focal length:
fc = [ 2434.889428651038088 ; 2439.905857114126320 ];

%-- Principal point:
cc = [ 2065.047609806847504 ; 1511.644066135575258 ];

%-- Skew coefficient:
alpha_c = 0.000000000000000;

%-- Distortion coefficients:
kc = [ -0.099937259071751 ; 0.090722357295782 ; 0.000462986016328 ; 0.000234955882988 ; 0.000000000000000 ];

%-- Focal length uncertainty:
fc_error = [ 9.494444501287076 ; 9.416952497183461 ];

%-- Principal point uncertainty:
cc_error = [ 2.433888213623068 ; 3.521101971271456 ];

%-- Skew coefficient uncertainty:
alpha_c_error = 0.000000000000000;

%-- Distortion coefficients uncertainty:
kc_error = [ 0.001010124541734 ; 0.001910548572660 ; 0.000263670164204 ; 0.000230479978431 ; 0.000000000000000 ];

%-- Image size:
nx = 4096;
ny = 3000;


%-- Various other variables (may be ignored if you do not use the Matlab Calibration Toolbox):
%-- Those variables are used to control which intrinsic parameters should be optimized

n_ima = 77;						% Number of calibration images
est_fc = [ 1 ; 1 ];					% Estimation indicator of the two focal variables
est_aspect_ratio = 1;				% Estimation indicator of the aspect ratio fc(2)/fc(1)
center_optim = 1;					% Estimation indicator of the principal point
est_alpha = 0;						% Estimation indicator of the skew coefficient
est_dist = [ 1 ; 1 ; 1 ; 1 ; 0 ];	% Estimation indicator of the distortion coefficients


%-- Extrinsic parameters:
%-- The rotation (omc_kk) and the translation (Tc_kk) vectors for every calibration image and their uncertainties

%-- Image #1:
omc_1 = [ -2.248306e+00 ; -2.158806e+00 ; 1.959737e-01 ];
Tc_1  = [ -2.556693e+02 ; 4.084973e+02 ; 1.795403e+03 ];
omc_error_1 = [ 2.105368e-03 ; 2.954724e-03 ; 5.554117e-03 ];
Tc_error_1  = [ 1.816790e+00 ; 2.670837e+00 ; 7.145484e+00 ];

%-- Image #2:
omc_2 = [ -2.198313e+00 ; -2.145247e+00 ; 2.426340e-01 ];
Tc_2  = [ -1.209694e+02 ; 4.000359e+02 ; 1.817346e+03 ];
omc_error_2 = [ 2.026463e-03 ; 3.105908e-03 ; 5.609328e-03 ];
Tc_error_2  = [ 1.840635e+00 ; 2.686584e+00 ; 7.146756e+00 ];

%-- Image #3:
omc_3 = [ -2.180935e+00 ; -2.109141e+00 ; 2.722466e-01 ];
Tc_3  = [ 5.292074e+01 ; 3.896191e+02 ; 1.820378e+03 ];
omc_error_3 = [ 1.988347e-03 ; 3.286202e-03 ; 5.694548e-03 ];
Tc_error_3  = [ 1.857546e+00 ; 2.680921e+00 ; 7.119587e+00 ];

%-- Image #4:
omc_4 = [ -2.141108e+00 ; -2.047301e+00 ; 2.884240e-01 ];
Tc_4  = [ 2.111672e+02 ; 4.244398e+02 ; 1.702307e+03 ];
omc_error_4 = [ 1.477950e-03 ; 2.685270e-03 ; 4.372824e-03 ];
Tc_error_4  = [ 1.769530e+00 ; 2.521179e+00 ; 6.588224e+00 ];

%-- Image #5:
omc_5 = [ -2.129680e+00 ; -2.086816e+00 ; 3.399671e-01 ];
Tc_5  = [ 4.298078e+02 ; 4.371022e+02 ; 1.619674e+03 ];
omc_error_5 = [ 1.245559e-03 ; 2.695715e-03 ; 4.249201e-03 ];
Tc_error_5  = [ 1.736711e+00 ; 2.423932e+00 ; 6.401385e+00 ];

%-- Image #6:
omc_6 = [ -2.132194e+00 ; -2.012779e+00 ; 3.505723e-01 ];
Tc_6  = [ 6.010827e+02 ; 4.370896e+02 ; 1.557506e+03 ];
omc_error_6 = [ 1.111163e-03 ; 2.398173e-03 ; 3.846305e-03 ];
Tc_error_6  = [ 1.741703e+00 ; 2.347391e+00 ; 6.286559e+00 ];

%-- Image #7:
omc_7 = [ -2.145829e+00 ; -2.043497e+00 ; 3.356753e-01 ];
Tc_7  = [ 6.732842e+02 ; 4.234905e+02 ; 1.549210e+03 ];
omc_error_7 = [ 1.071681e-03 ; 2.314414e-03 ; 3.873559e-03 ];
Tc_error_7  = [ 1.745228e+00 ; 2.355410e+00 ; 6.364464e+00 ];

%-- Image #8:
omc_8 = [ -2.222075e+00 ; -2.089968e+00 ; 2.805633e-01 ];
Tc_8  = [ 5.857738e+02 ; 3.517647e+02 ; 1.566713e+03 ];
omc_error_8 = [ 1.147745e-03 ; 2.340351e-03 ; 3.974642e-03 ];
Tc_error_8  = [ 1.719741e+00 ; 2.382321e+00 ; 6.299798e+00 ];

%-- Image #9:
omc_9 = [ -2.175749e+00 ; -1.972465e+00 ; 2.775350e-01 ];
Tc_9  = [ 6.359488e+02 ; 1.028636e+02 ; 1.557962e+03 ];
omc_error_9 = [ 1.544915e-03 ; 2.563588e-03 ; 4.032550e-03 ];
Tc_error_9  = [ 1.733798e+00 ; 2.341543e+00 ; 6.236508e+00 ];

%-- Image #10:
omc_10 = [ -2.132462e+00 ; -2.113896e+00 ; 1.586037e-01 ];
Tc_10  = [ 6.336078e+02 ; -2.561788e+02 ; 1.555929e+03 ];
omc_error_10 = [ 1.746744e-03 ; 2.290737e-03 ; 3.812046e-03 ];
Tc_error_10  = [ 1.765635e+00 ; 2.338609e+00 ; 6.369031e+00 ];

%-- Image #11:
omc_11 = [ -2.184244e+00 ; -2.084438e+00 ; 7.075239e-02 ];
Tc_11  = [ 6.023805e+02 ; -5.746154e+02 ; 1.559852e+03 ];
omc_error_11 = [ 1.926809e-03 ; 2.082209e-03 ; 3.399883e-03 ];
Tc_error_11  = [ 1.791700e+00 ; 2.376604e+00 ; 6.628033e+00 ];

%-- Image #12:
omc_12 = [ -2.165876e+00 ; -2.081217e+00 ; 1.146410e-01 ];
Tc_12  = [ 6.089435e+02 ; -8.388018e+02 ; 1.602831e+03 ];
omc_error_12 = [ 2.156433e-03 ; 2.010968e-03 ; 3.140174e-03 ];
Tc_error_12  = [ 1.867713e+00 ; 2.482621e+00 ; 7.096874e+00 ];

%-- Image #13:
omc_13 = [ -2.134291e+00 ; -2.072805e+00 ; 1.709343e-01 ];
Tc_13  = [ 6.097295e+02 ; -9.515300e+02 ; 1.664989e+03 ];
omc_error_13 = [ 2.522715e-03 ; 2.099466e-03 ; 3.502476e-03 ];
Tc_error_13  = [ 1.973829e+00 ; 2.625912e+00 ; 7.479060e+00 ];

%-- Image #14:
omc_14 = [ -2.178621e+00 ; -2.101450e+00 ; 5.252068e-02 ];
Tc_14  = [ 4.976453e+02 ; -9.457274e+02 ; 1.779631e+03 ];
omc_error_14 = [ 2.312160e-03 ; 2.109451e-03 ; 3.649163e-03 ];
Tc_error_14  = [ 2.021939e+00 ; 2.763908e+00 ; 7.807778e+00 ];

%-- Image #15:
omc_15 = [ -2.174259e+00 ; -2.145494e+00 ; 1.225885e-01 ];
Tc_15  = [ 2.959480e+02 ; -8.029345e+02 ; 1.874879e+03 ];
omc_error_15 = [ 2.564759e-03 ; 2.242164e-03 ; 4.589164e-03 ];
Tc_error_15  = [ 2.023967e+00 ; 2.824274e+00 ; 7.838361e+00 ];

%-- Image #16:
omc_16 = [ 2.227362e+00 ; 2.191005e+00 ; -1.031647e-01 ];
Tc_16  = [ 1.237639e+02 ; -8.348266e+02 ; 1.877506e+03 ];
omc_error_16 = [ 2.010377e-03 ; 2.320527e-03 ; 4.155093e-03 ];
Tc_error_16  = [ 1.995524e+00 ; 2.827776e+00 ; 7.859017e+00 ];

%-- Image #17:
omc_17 = [ -2.228468e+00 ; -2.206931e+00 ; 7.028581e-02 ];
Tc_17  = [ -7.213926e+01 ; -9.688796e+02 ; 1.907986e+03 ];
omc_error_17 = [ 2.486262e-03 ; 1.773709e-03 ; 4.306581e-03 ];
Tc_error_17  = [ 2.029577e+00 ; 2.916862e+00 ; 8.142451e+00 ];

%-- Image #18:
omc_18 = [ -2.243694e+00 ; -2.165093e+00 ; 1.299221e-01 ];
Tc_18  = [ -2.502923e+02 ; -1.058851e+03 ; 1.920091e+03 ];
omc_error_18 = [ 2.405206e-03 ; 1.475323e-03 ; 4.019892e-03 ];
Tc_error_18  = [ 2.057176e+00 ; 2.985191e+00 ; 8.309520e+00 ];

%-- Image #19:
omc_19 = [ 2.240024e+00 ; 2.139284e+00 ; -6.642773e-02 ];
Tc_19  = [ -4.029317e+02 ; -8.435285e+02 ; 1.988245e+03 ];
omc_error_19 = [ 1.787045e-03 ; 2.631725e-03 ; 4.616268e-03 ];
Tc_error_19  = [ 2.079493e+00 ; 3.010879e+00 ; 8.383944e+00 ];

%-- Image #20:
omc_20 = [ 2.218683e+00 ; 2.138649e+00 ; 3.190652e-02 ];
Tc_20  = [ -4.228957e+02 ; -5.081703e+02 ; 1.951958e+03 ];
omc_error_20 = [ 2.801583e-03 ; 3.748433e-03 ; 7.050493e-03 ];
Tc_error_20  = [ 1.989462e+00 ; 2.872557e+00 ; 7.998144e+00 ];

%-- Image #21:
omc_21 = [ 2.217609e+00 ; 2.156283e+00 ; 9.996376e-02 ];
Tc_21  = [ -6.512313e+02 ; -5.445311e+02 ; 1.949681e+03 ];
omc_error_21 = [ 2.521500e-03 ; 3.851528e-03 ; 6.868300e-03 ];
Tc_error_21  = [ 2.018766e+00 ; 2.915480e+00 ; 8.148317e+00 ];

%-- Image #22:
omc_22 = [ 2.162380e+00 ; 2.135162e+00 ; 1.114529e-01 ];
Tc_22  = [ -6.977796e+02 ; -8.532603e+02 ; 1.896224e+03 ];
omc_error_22 = [ 1.514564e-03 ; 2.807346e-03 ; 4.843679e-03 ];
Tc_error_22  = [ 2.035218e+00 ; 2.936235e+00 ; 8.294896e+00 ];

%-- Image #23:
omc_23 = [ 2.176330e+00 ; 2.103060e+00 ; 3.606109e-02 ];
Tc_23  = [ -7.191377e+02 ; -9.308004e+02 ; 1.903530e+03 ];
omc_error_23 = [ 1.345646e-03 ; 2.450500e-03 ; 4.255105e-03 ];
Tc_error_23  = [ 2.061903e+00 ; 2.979130e+00 ; 8.419531e+00 ];

%-- Image #24:
