% Intrinsic and Extrinsic Camera Parameters
%
% This script file can be directly executed under Matlab to recover the camera intrinsic and extrinsic parameters.
% IMPORTANT: This file contains neither the structure of the calibration objects nor the image coordinates of the calibration points.
%            All those complementary variables are saved in the complete matlab data file Calib_Results.mat.
% For more information regarding the calibration model visit http://www.vision.caltech.edu/bouguetj/calib_doc/


%-- Focal length:
fc = [ 2403.272161519932069 ; 2408.850322402424354 ];

%-- Principal point:
cc = [ 2039.124285691884779 ; 1509.664437729440579 ];

%-- Skew coefficient:
alpha_c = 0.000000000000000;

%-- Distortion coefficients:
kc = [ -0.097927005766159 ; 0.087654781148635 ; 0.000678249420756 ; -0.000384455186633 ; 0.000000000000000 ];

%-- Focal length uncertainty:
fc_error = [ 11.023390604421390 ; 10.906445227077052 ];

%-- Principal point uncertainty:
cc_error = [ 3.225222868459035 ; 4.318905592801130 ];

%-- Skew coefficient uncertainty:
alpha_c_error = 0.000000000000000;

%-- Distortion coefficients uncertainty:
kc_error = [ 0.001139907901100 ; 0.002245034941847 ; 0.000304147897884 ; 0.000278551941302 ; 0.000000000000000 ];

%-- Image size:
nx = 4096;
ny = 3000;


%-- Various other variables (may be ignored if you do not use the Matlab Calibration Toolbox):
%-- Those variables are used to control which intrinsic parameters should be optimized

n_ima = 74;						% Number of calibration images
est_fc = [ 1 ; 1 ];					% Estimation indicator of the two focal variables
est_aspect_ratio = 1;				% Estimation indicator of the aspect ratio fc(2)/fc(1)
center_optim = 1;					% Estimation indicator of the principal point
est_alpha = 0;						% Estimation indicator of the skew coefficient
est_dist = [ 1 ; 1 ; 1 ; 1 ; 0 ];	% Estimation indicator of the distortion coefficients


%-- Extrinsic parameters:
%-- The rotation (omc_kk) and the translation (Tc_kk) vectors for every calibration image and their uncertainties

%-- Image #1:
omc_1 = [ -2.144657e+00 ; -2.247054e+00 ; 2.092234e-01 ];
Tc_1  = [ -5.369622e+00 ; 4.094202e+02 ; 1.811461e+03 ];
omc_error_1 = [ 2.299936e-03 ; 4.039237e-03 ; 6.927809e-03 ];
Tc_error_1  = [ 2.472000e+00 ; 3.324855e+00 ; 8.476575e+00 ];

%-- Image #2:
omc_2 = [ -2.124214e+00 ; -2.239826e+00 ; 2.684112e-01 ];
Tc_2  = [ 1.318313e+02 ; 4.071984e+02 ; 1.824712e+03 ];
omc_error_2 = [ 2.301294e-03 ; 4.385439e-03 ; 7.293292e-03 ];
Tc_error_2  = [ 2.510172e+00 ; 3.345977e+00 ; 8.521990e+00 ];

%-- Image #3:
omc_3 = [ -2.080886e+00 ; -2.170865e+00 ; 1.914672e-01 ];
Tc_3  = [ 3.141417e+02 ; 4.236272e+02 ; 1.783940e+03 ];
omc_error_3 = [ 1.649580e-03 ; 3.329430e-03 ; 5.272724e-03 ];
Tc_error_3  = [ 2.515368e+00 ; 3.298780e+00 ; 8.249334e+00 ];

%-- Image #4:
omc_4 = [ -2.087029e+00 ; -2.171677e+00 ; 3.177568e-01 ];
Tc_4  = [ 5.065805e+02 ; 4.803802e+02 ; 1.673499e+03 ];
omc_error_4 = [ 1.425111e-03 ; 3.294374e-03 ; 5.211470e-03 ];
Tc_error_4  = [ 2.430086e+00 ; 3.119687e+00 ; 7.844605e+00 ];

%-- Image #5:
omc_5 = [ -2.065251e+00 ; -2.135535e+00 ; 3.814513e-01 ];
Tc_5  = [ 6.891361e+02 ; 4.929627e+02 ; 1.598670e+03 ];
omc_error_5 = [ 1.431879e-03 ; 3.190233e-03 ; 5.187676e-03 ];
Tc_error_5  = [ 2.413546e+00 ; 2.996021e+00 ; 7.694120e+00 ];

%-- Image #6:
omc_6 = [ -2.079147e+00 ; -2.123183e+00 ; 3.216620e-01 ];
Tc_6  = [ 8.348160e+02 ; 4.993604e+02 ; 1.571399e+03 ];
omc_error_6 = [ 1.365529e-03 ; 2.956084e-03 ; 5.050950e-03 ];
Tc_error_6  = [ 2.473754e+00 ; 3.003901e+00 ; 7.878903e+00 ];

%-- Image #7:
omc_7 = [ -2.100258e+00 ; -2.132597e+00 ; 3.188729e-01 ];
Tc_7  = [ 8.084524e+02 ; 4.955792e+02 ; 1.596449e+03 ];
omc_error_7 = [ 1.294093e-03 ; 2.791511e-03 ; 4.937357e-03 ];
Tc_error_7  = [ 2.454996e+00 ; 3.040640e+00 ; 7.923674e+00 ];

%-- Image #8:
omc_8 = [ -2.208637e+00 ; -2.206258e+00 ; 2.619163e-01 ];
Tc_8  = [ 7.994992e+02 ; 2.903277e+02 ; 1.560317e+03 ];
omc_error_8 = [ 1.356157e-03 ; 2.378361e-03 ; 4.628295e-03 ];
Tc_error_8  = [ 2.361119e+00 ; 3.017097e+00 ; 7.625981e+00 ];

%-- Image #9:
omc_9 = [ -2.091097e+00 ; -2.174948e+00 ; 2.543577e-01 ];
Tc_9  = [ 8.596791e+02 ; 2.134834e+01 ; 1.589437e+03 ];
omc_error_9 = [ 1.855232e-03 ; 2.885704e-03 ; 4.691108e-03 ];
Tc_error_9  = [ 2.447737e+00 ; 3.032668e+00 ; 7.799303e+00 ];

%-- Image #10:
omc_10 = [ -2.049011e+00 ; -2.189210e+00 ; 1.247304e-02 ];
Tc_10  = [ 8.614812e+02 ; -3.517328e+02 ; 1.584295e+03 ];
omc_error_10 = [ 1.853375e-03 ; 2.531156e-03 ; 3.727182e-03 ];
Tc_error_10  = [ 2.490716e+00 ; 3.057349e+00 ; 7.941745e+00 ];

%-- Image #11:
omc_11 = [ -2.104432e+00 ; -2.189668e+00 ; 3.525661e-02 ];
Tc_11  = [ 8.725157e+02 ; -6.595856e+02 ; 1.596021e+03 ];
omc_error_11 = [ 2.175461e-03 ; 2.407989e-03 ; 3.339734e-03 ];
Tc_error_11  = [ 2.533105e+00 ; 3.122916e+00 ; 8.323071e+00 ];

%-- Image #12:
omc_12 = [ -2.071568e+00 ; -2.192164e+00 ; 1.375139e-01 ];
Tc_12  = [ 8.878723e+02 ; -8.603007e+02 ; 1.675774e+03 ];
omc_error_12 = [ 2.501271e-03 ; 2.436071e-03 ; 3.368258e-03 ];
Tc_error_12  = [ 2.684964e+00 ; 3.254018e+00 ; 8.901894e+00 ];

%-- Image #13:
omc_13 = [ -2.087326e+00 ; -2.159554e+00 ; 9.358383e-02 ];
Tc_13  = [ 8.879241e+02 ; -9.288631e+02 ; 1.709149e+03 ];
omc_error_13 = [ 2.555427e-03 ; 2.488006e-03 ; 3.353051e-03 ];
Tc_error_13  = [ 2.735603e+00 ; 3.358778e+00 ; 9.163532e+00 ];

%-- Image #14:
omc_14 = [ -2.139091e+00 ; -2.209451e+00 ; 4.660634e-02 ];
Tc_14  = [ 6.452698e+02 ; -8.128920e+02 ; 1.886607e+03 ];
omc_error_14 = [ 2.531158e-03 ; 2.562826e-03 ; 4.442974e-03 ];
Tc_error_14  = [ 2.836303e+00 ; 3.588429e+00 ; 9.452969e+00 ];

%-- Image #15:
omc_15 = [ -2.128250e+00 ; -2.248903e+00 ; 6.569338e-02 ];
Tc_15  = [ 4.970013e+02 ; -7.062984e+02 ; 1.868526e+03 ];
omc_error_15 = [ 2.575365e-03 ; 2.615393e-03 ; 4.955820e-03 ];
Tc_error_15  = [ 2.724458e+00 ; 3.482584e+00 ; 9.125606e+00 ];

%-- Image #16:
omc_16 = [ 2.123342e+00 ; 2.274005e+00 ; -7.847369e-02 ];
Tc_16  = [ 3.049571e+02 ; -8.929098e+02 ; 1.962790e+03 ];
omc_error_16 = [ 2.277379e-03 ; 2.694992e-03 ; 4.711455e-03 ];
Tc_error_16  = [ 2.823084e+00 ; 3.681190e+00 ; 9.635025e+00 ];

%-- Image #17:
omc_17 = [ -2.140751e+00 ; -2.285105e+00 ; 1.429749e-01 ];
Tc_17  = [ 1.310138e+02 ; -1.023017e+03 ; 1.913994e+03 ];
omc_error_17 = [ 2.659778e-03 ; 2.055768e-03 ; 4.604918e-03 ];
Tc_error_17  = [ 2.755368e+00 ; 3.632793e+00 ; 9.492067e+00 ];

%-- Image #18:
omc_18 = [ 2.152235e+00 ; 2.228869e+00 ; -9.546971e-02 ];
Tc_18  = [ -7.008718e+01 ; -9.510232e+02 ; 1.978967e+03 ];
omc_error_18 = [ 2.082211e-03 ; 2.848764e-03 ; 4.941440e-03 ];
Tc_error_18  = [ 2.793870e+00 ; 3.723324e+00 ; 9.714745e+00 ];

%-- Image #19:
omc_19 = [ 2.152499e+00 ; 2.216350e+00 ; -6.757321e-03 ];
Tc_19  = [ -1.582257e+02 ; -6.692810e+02 ; 1.970536e+03 ];
omc_error_19 = [ 2.643733e-03 ; 3.556549e-03 ; 6.692235e-03 ];
Tc_error_19  = [ 2.712445e+00 ; 3.611204e+00 ; 9.439687e+00 ];

%-- Image #20:
omc_20 = [ 2.152431e+00 ; 2.218114e+00 ; 8.573624e-02 ];
Tc_20  = [ -2.711881e+02 ; -4.744646e+02 ; 1.967709e+03 ];
omc_error_20 = [ 4.009260e-03 ; 5.230083e-03 ; 1.028244e-02 ];
Tc_error_20  = [ 2.680572e+00 ; 3.571611e+00 ; 9.382093e+00 ];

%-- Image #21:
omc_21 = [ 2.091384e+00 ; 2.205989e+00 ; 1.421819e-01 ];
Tc_21  = [ -4.375847e+02 ; -7.108177e+02 ; 1.927590e+03 ];
omc_error_21 = [ 2.425046e-03 ; 4.022294e-03 ; 7.157970e-03 ];
Tc_error_21  = [ 2.680428e+00 ; 3.585658e+00 ; 9.416169e+00 ];

%-- Image #22:
omc_22 = [ 2.075420e+00 ; 2.188618e+00 ; 5.470466e-02 ];
Tc_22  = [ -4.177669e+02 ; -9.693883e+02 ; 1.902697e+03 ];
omc_error_22 = [ 1.698408e-03 ; 2.891592e-03 ; 4.998810e-03 ];
Tc_error_22  = [ 2.708402e+00 ; 3.641710e+00 ; 9.603944e+00 ];

%-- Image #23:
omc_23 = [ 2.114587e+00 ; 2.123328e+00 ; 7.404805e-02 ];
Tc_23  = [ -4.966389e+02 ; -8.327253e+02 ; 1.913656e+03 ];
omc_error_23 = [ 1.871219e-03 ; 3.093616e-03 ; 5.382386e-03 ];
Tc_error_23  = [ 2.695877e+00 ; 3.619363e+00 ; 9.521411e+00 ];

%-- Image #24:
