% Intrinsic and Extrinsic Camera Parameters
%
% This script file can be directly executed under Matlab to recover the camera intrinsic and extrinsic parameters.
% IMPORTANT: This file contains neither the structure of the calibration objects nor the image coordinates of the calibration points.
%            All those complementary variables are saved in the complete matlab data file Calib_Results.mat.
% For more information regarding the calibration model visit http://www.vision.caltech.edu/bouguetj/calib_doc/


%-- Focal length:
fc = [ 2406.545038435257084 ; 2412.346945579128715 ];

%-- Principal point:
cc = [ 2039.475937764787204 ; 1485.835376054645849 ];

%-- Skew coefficient:
alpha_c = 0.000000000000000;

%-- Distortion coefficients:
kc = [ -0.098074151180172 ; 0.084533796616877 ; 0.000398717109749 ; -0.000437173377264 ; 0.000000000000000 ];

%-- Focal length uncertainty:
fc_error = [ 15.362251452350474 ; 15.159789657865158 ];

%-- Principal point uncertainty:
cc_error = [ 4.696228591425036 ; 6.029430123330871 ];

%-- Skew coefficient uncertainty:
alpha_c_error = 0.000000000000000;

%-- Distortion coefficients uncertainty:
kc_error = [ 0.001496029789259 ; 0.002976645237344 ; 0.000412424458707 ; 0.000392735649660 ; 0.000000000000000 ];

%-- Image size:
nx = 4096;
ny = 3000;


%-- Various other variables (may be ignored if you do not use the Matlab Calibration Toolbox):
%-- Those variables are used to control which intrinsic parameters should be optimized

n_ima = 61;						% Number of calibration images
est_fc = [ 1 ; 1 ];					% Estimation indicator of the two focal variables
est_aspect_ratio = 1;				% Estimation indicator of the aspect ratio fc(2)/fc(1)
center_optim = 1;					% Estimation indicator of the principal point
est_alpha = 0;						% Estimation indicator of the skew coefficient
est_dist = [ 1 ; 1 ; 1 ; 1 ; 0 ];	% Estimation indicator of the distortion coefficients


%-- Extrinsic parameters:
%-- The rotation (omc_kk) and the translation (Tc_kk) vectors for every calibration image and their uncertainties

%-- Image #1:
omc_1 = [ 2.155510e+00 ; 2.190110e+00 ; -9.567104e-02 ];
Tc_1  = [ 2.502922e+01 ; 4.284856e+02 ; 1.796447e+03 ];
omc_error_1 = [ 4.384934e-03 ; 2.870250e-03 ; 7.173867e-03 ];
Tc_error_1  = [ 3.561692e+00 ; 4.665958e+00 ; 1.163205e+01 ];

%-- Image #2:
omc_2 = [ 2.164911e+00 ; 2.234618e+00 ; -1.535382e-01 ];
Tc_2  = [ 1.570350e+02 ; 4.289053e+02 ; 1.832429e+03 ];
omc_error_2 = [ 4.473438e-03 ; 2.760888e-03 ; 7.302418e-03 ];
Tc_error_2  = [ 3.643774e+00 ; 4.747211e+00 ; 1.184494e+01 ];

%-- Image #3:
omc_3 = [ -2.185161e+00 ; -2.235946e+00 ; 1.871920e-01 ];
Tc_3  = [ 3.298585e+02 ; 4.292651e+02 ; 1.852900e+03 ];
omc_error_3 = [ 2.229798e-03 ; 4.368848e-03 ; 7.041213e-03 ];
Tc_error_3  = [ 3.717548e+00 ; 4.802053e+00 ; 1.198308e+01 ];

%-- Image #4:
omc_4 = [ -2.148772e+00 ; -2.176725e+00 ; 2.087375e-01 ];
Tc_4  = [ 4.966580e+02 ; 4.721862e+02 ; 1.752116e+03 ];
omc_error_4 = [ 1.734349e-03 ; 3.804227e-03 ; 6.103993e-03 ];
Tc_error_4  = [ 3.609128e+00 ; 4.577729e+00 ; 1.133651e+01 ];

%-- Image #5:
omc_5 = [ -2.140434e+00 ; -2.216788e+00 ; 2.615694e-01 ];
Tc_5  = [ 7.211788e+02 ; 4.974672e+02 ; 1.692816e+03 ];
omc_error_5 = [ 1.548702e-03 ; 3.523723e-03 ; 6.212149e-03 ];
Tc_error_5  = [ 3.560452e+00 ; 4.511747e+00 ; 1.135751e+01 ];

%-- Image #6:
omc_6 = [ -2.145871e+00 ; -2.141547e+00 ; 2.756845e-01 ];
Tc_6  = [ 8.976604e+02 ; 5.073847e+02 ; 1.648922e+03 ];
omc_error_6 = [ 1.735974e-03 ; 3.779114e-03 ; 6.581121e-03 ];
Tc_error_6  = [ 3.639037e+00 ; 4.458886e+00 ; 1.148822e+01 ];

%-- Image #7:
omc_7 = [ -2.157448e+00 ; -2.170289e+00 ; 2.639314e-01 ];
Tc_7  = [ 9.713291e+02 ; 4.982572e+02 ; 1.648897e+03 ];
omc_error_7 = [ 1.786936e-03 ; 3.841026e-03 ; 6.816141e-03 ];
Tc_error_7  = [ 3.687364e+00 ; 4.525041e+00 ; 1.174879e+01 ];

%-- Image #8:
omc_8 = [ 2.216769e+00 ; 2.204003e+00 ; -1.926095e-01 ];
Tc_8  = [ 8.861551e+02 ; 4.215631e+02 ; 1.656765e+03 ];
omc_error_8 = [ 3.015828e-03 ; 1.292315e-03 ; 6.216021e-03 ];
Tc_error_8  = [ 3.576159e+00 ; 4.522022e+00 ; 1.153514e+01 ];

%-- Image #9:
omc_9 = [ -2.187190e+00 ; -2.099105e+00 ; 1.960205e-01 ];
Tc_9  = [ 9.526785e+02 ; 1.768924e+02 ; 1.660117e+03 ];
omc_error_9 = [ 2.287304e-03 ; 3.964166e-03 ; 6.375714e-03 ];
Tc_error_9  = [ 3.664472e+00 ; 4.454981e+00 ; 1.154616e+01 ];

%-- Image #10:
omc_10 = [ -2.129462e+00 ; -2.242164e+00 ; 7.775444e-02 ];
Tc_10  = [ 9.740743e+02 ; -1.813670e+02 ; 1.666947e+03 ];
omc_error_10 = [ 2.352888e-03 ; 3.386189e-03 ; 5.230179e-03 ];
Tc_error_10  = [ 3.664828e+00 ; 4.462876e+00 ; 1.173897e+01 ];

%-- Image #11:
omc_11 = [ -2.174456e+00 ; -2.213301e+00 ; -1.358216e-02 ];
Tc_11  = [ 9.630150e+02 ; -5.010110e+02 ; 1.675839e+03 ];
omc_error_11 = [ 2.544377e-03 ; 3.101790e-03 ; 4.442095e-03 ];
Tc_error_11  = [ 3.709208e+00 ; 4.535599e+00 ; 1.205869e+01 ];

%-- Image #12:
omc_12 = [ -2.158109e+00 ; -2.210858e+00 ; 3.168289e-02 ];
Tc_12  = [ 9.818312e+02 ; -7.637736e+02 ; 1.723442e+03 ];
omc_error_12 = [ 2.864255e-03 ; 2.949336e-03 ; 3.959112e-03 ];
Tc_error_12  = [ 3.841579e+00 ; 4.703575e+00 ; 1.274907e+01 ];

%-- Image #13:
omc_13 = [ -2.128607e+00 ; -2.201607e+00 ; 9.013987e-02 ];
Tc_13  = [ 9.844317e+02 ; -9.205150e+02 ; 1.785757e+03 ];
omc_error_13 = [ 3.140024e-03 ; 2.968390e-03 ; 3.984510e-03 ];
Tc_error_13  = [ 4.007144e+00 ; 4.856995e+00 ; 1.337360e+01 ];

%-- Image #14:
omc_14 = [ -2.165850e+00 ; -2.229590e+00 ; -3.439437e-02 ];
Tc_14  = [ 8.611246e+02 ; -8.761183e+02 ; 1.888319e+03 ];
omc_error_14 = [ 2.923290e-03 ; 3.086384e-03 ; 4.307162e-03 ];
Tc_error_14  = [ 4.121817e+00 ; 5.110573e+00 ; 1.367259e+01 ];

%-- Image #15:
omc_15 = [ 2.165776e+00 ; 2.273921e+00 ; -3.842232e-02 ];
Tc_15  = [ 6.414650e+02 ; -7.446136e+02 ; 1.959625e+03 ];
omc_error_15 = [ 3.026504e-03 ; 3.076027e-03 ; 5.165627e-03 ];
Tc_error_15  = [ 4.117790e+00 ; 5.107823e+00 ; 1.352969e+01 ];

%-- Image #16:
omc_16 = [ 2.104741e+00 ; 2.197967e+00 ; -7.573884e-03 ];
Tc_16  = [ 4.722589e+02 ; -7.863191e+02 ; 1.944865e+03 ];
omc_error_16 = [ 2.834989e-03 ; 3.003191e-03 ; 4.668088e-03 ];
Tc_error_16  = [ 4.035771e+00 ; 5.030237e+00 ; 1.334308e+01 ];

%-- Image #17:
omc_17 = [ 2.107545e+00 ; 2.220013e+00 ; 2.063027e-02 ];
Tc_17  = [ 2.826504e+02 ; -9.318123e+02 ; 1.957478e+03 ];
omc_error_17 = [ 2.711501e-03 ; 3.196990e-03 ; 4.996155e-03 ];
Tc_error_17  = [ 4.049113e+00 ; 5.075211e+00 ; 1.355205e+01 ];

%-- Image #18:
omc_18 = [ 2.149383e+00 ; 2.203911e+00 ; -3.510933e-02 ];
Tc_18  = [ 1.103691e+02 ; -1.033506e+03 ; 1.952583e+03 ];
omc_error_18 = [ 2.584259e-03 ; 3.286158e-03 ; 5.066019e-03 ];
Tc_error_18  = [ 4.053517e+00 ; 5.067372e+00 ; 1.362066e+01 ];

%-- Image #19:
omc_19 = [ 2.116283e+00 ; 2.148148e+00 ; 2.527444e-02 ];
Tc_19  = [ -6.167712e+01 ; -8.287643e+02 ; 2.001371e+03 ];
omc_error_19 = [ 2.642453e-03 ; 3.401493e-03 ; 5.701886e-03 ];
Tc_error_19  = [ 4.052468e+00 ; 5.101374e+00 ; 1.355966e+01 ];

%-- Image #20:
omc_20 = [ 2.091187e+00 ; 2.145024e+00 ; 1.255502e-01 ];
Tc_20  = [ -9.913303e+01 ; -4.947526e+02 ; 1.954622e+03 ];
omc_error_20 = [ 3.180595e-03 ; 3.804221e-03 ; 7.132587e-03 ];
Tc_error_20  = [ 3.871445e+00 ; 4.915790e+00 ; 1.285509e+01 ];

%-- Image #21:
omc_21 = [ NaN ; NaN ; NaN ];
Tc_21  = [ NaN ; NaN ; NaN ];
omc_error_21 = [ NaN ; NaN ; NaN ];
Tc_error_21  = [ NaN ; NaN ; NaN ];

%-- Image #22:
omc_22 = [ 2.035362e+00 ; 2.142024e+00 ; 2.018368e-01 ];
Tc_22  = [ -3.454960e+02 ; -8.565444e+02 ; 1.880540e+03 ];
omc_error_22 = [ 2.410484e-03 ; 3.596829e-03 ; 5.976101e-03 ];
Tc_error_22  = [ 3.855694e+00 ; 4.880362e+00 ; 1.293641e+01 ];

%-- Image #23:
omc_23 = [ 2.052747e+00 ; 2.109056e+00 ; 1.313205e-01 ];
Tc_23  = [ -3.623146e+02 ; -9.363496e+02 ; 1.887134e+03 ];
omc_error_23 = [ 2.280186e-03 ; 3.316091e-03 ; 5.387982e-03 ];
Tc_error_23  = [ 3.896122e+00 ; 4.915532e+00 ; 1.315630e+01 ];

%-- Image #24:
omc_24 = [ 2.149130e+00 ; 2.050579e+00 ; 2.041505e-01 ];
Tc_24  = [ -5.047500e+02 ; -5.865835e+02 ; 1.865105e+03 ];
